262 254
0 254 -1
0 254 -1
0 254 -1
0 254 -1
0 254 -1
0 254 -1
0 254 -1
0 254 -1
0 254 -1
0 254 -1
0 254 -1
0 254 -1
0 254 -1
0 142 144 254 -1
0 141 145 254 -1
0 140 146 254 -1
0 141 147 254 -1
0 142 147 254 -1
0 141 147 254 -1
0 140 147 254 -1
0 138 139 140 150 254 -1
0 138 152 254 -1
0 136 152 254 -1
0 136 152 254 -1
0 136 144 145 147 148 151 254 -1
0 134 143 145 146 148 149 254 -1
0 134 143 254 -1
0 134 141 254 -1
0 133 139 254 -1
0 132 140 254 -1
0 132 138 254 -1
0 132 138 254 -1
0 133 138 254 -1
0 131 138 254 -1
0 131 139 254 -1
0 132 139 254 -1
0 132 138 254 -1
0 132 140 254 -1
0 133 140 254 -1
0 133 139 254 -1
0 132 139 254 -1
0 131 139 254 -1
0 130 141 254 -1
0 131 142 254 -1
0 126 127 131 141 254 -1
0 125 130 131 141 254 -1
0 125 141 254 -1
0 124 140 254 -1
0 125 140 254 -1
0 126 139 254 -1
0 126 139 254 -1
0 124 139 159 160 254 -1
0 123 137 156 160 254 -1
0 122 138 155 162 254 -1
0 123 138 155 163 254 -1
0 123 136 153 163 254 -1
0 123 137 152 164 254 -1
0 123 136 152 164 254 -1
0 123 135 152 163 254 -1
0 123 135 151 163 254 -1
0 123 135 152 163 169 171 254 -1
0 122 134 151 161 167 171 254 -1
0 123 133 152 161 166 173 254 -1
0 122 133 153 159 165 173 254 -1
0 122 133 154 161 165 175 254 -1
0 123 133 155 162 165 176 254 -1
0 122 132 155 163 165 176 254 -1
0 123 133 157 164 165 176 254 -1
0 123 135 158 176 254 -1
0 122 135 157 176 254 -1
0 123 137 158 177 180 182 254 -1
0 124 139 159 179 180 184 254 -1
0 124 139 154 155 157 184 254 -1
0 125 141 151 152 153 186 254 -1
0 124 141 149 186 254 -1
0 126 143 146 187 254 -1
0 127 188 254 -1
0 127 187 254 -1
0 128 186 254 -1
0 129 186 254 -1
0 130 185 192 194 254 -1
0 131 182 190 195 254 -1
0 131 183 190 197 254 -1
0 132 185 189 197 254 -1
0 133 186 188 199 254 -1
0 132 199 232 234 254 -1
0 131 199 225 229 232 235 254 -1
0 131 199 225 236 254 -1
0 129 199 223 235 254 -1
0 130 180 183 198 225 236 254 -1
0 129 179 184 196 197 198 226 235 254 -1
0 128 178 185 186 187 195 227 234 254 -1
0 109 110 128 177 188 193 227 234 254 -1
0 105 121 122 123 128 179 227 235 254 -1
0 102 103 104 125 128 178 226 234 254 -1
0 91 92 95 100 101 126 128 177 227 233 254 -1
0 82 85 86 88 89 177 227 233 254 -1
0 81 177 226 233 254 -1
0 81 178 225 232 254 -1
0 73 75 77 78 81 177 211 213 223 231 254 -1
0 72 177 210 215 223 231 254 -1
0 72 178 209 216 217 219 220 221 222 230 254 -1
0 72 178 205 207 208 229 254 -1
0 70 72 73 179 205 228 254 -1
0 68 69 70 96 97 98 101 181 202 227 254 -1
0 67 93 98 99 100 182 200 223 254 -1
0 62 63 64 65 67 90 97 183 198 223 254 -1
0 57 59 61 88 96 184 195 196 197 219 221 222 254 -1
0 54 55 57 88 96 185 195 217 218 219 254 -1
0 52 83 84 85 94 187 194 214 215 217 254 -1
0 51 81 90 91 93 187 192 212 254 -1
0 46 47 48 79 87 89 90 189 191 214 254 -1
0 45 77 78 79 84 189 191 215 254 -1
0 43 76 82 189 190 214 254 -1
0 43 61 62 75 80 173 174 214 254 -1
0 39 40 41 56 57 58 60 61 67 75 80 173 175 210 254 -1
0 38 51 52 54 67 74 79 171 176 210 254 -1
0 37 49 69 74 78 169 170 171 178 210 254 -1
0 37 48 69 73 75 168 178 208 254 -1
0 37 46 47 48 71 72 75 168 181 202 206 208 254 -1
0 38 45 74 167 183 197 198 199 254 -1
0 39 45 74 165 183 189 191 192 254 -1
0 40 45 72 165 185 186 188 189 254 -1
0 40 44 72 163 254 -1
0 41 43 71 161 254 -1
0 42 43 70 162 254 -1
0 67 162 254 -1
0 67 163 254 -1
0 66 79 80 164 254 -1
0 63 78 79 163 254 -1
0 63 77 79 164 254 -1
0 63 77 78 165 254 -1
0 58 75 77 164 254 -1
0 58 73 77 165 254 -1
0 57 73 77 164 254 -1
0 56 72 77 164 254 -1
0 57 71 76 164 254 -1
0 57 70 75 164 254 -1
0 55 69 76 165 254 -1
0 53 54 55 67 75 166 254 -1
0 49 66 75 166 254 -1
0 48 65 75 167 254 -1
0 48 65 75 167 254 -1
0 48 64 74 168 254 -1
0 49 63 74 168 254 -1
0 47 63 74 168 254 -1
0 46 61 73 167 254 -1
0 43 60 74 168 254 -1
0 42 59 73 166 254 -1
0 40 59 74 167 254 -1
0 40 58 74 167 254 -1
0 39 57 73 157 160 167 254 -1
0 40 56 74 158 159 168 254 -1
0 41 57 74 158 160 168 254 -1
0 37 38 40 56 74 156 160 168 254 -1
0 37 57 75 155 160 168 254 -1
0 35 56 76 155 160 168 254 -1
0 32 33 34 56 75 154 159 168 254 -1
0 32 56 75 153 158 169 254 -1
0 30 46 47 55 76 152 158 167 254 -1
0 29 46 48 55 76 153 158 168 254 -1
0 27 42 43 44 50 52 53 54 77 154 158 169 254 -1
0 25 41 77 153 157 169 254 -1
0 25 38 39 40 78 153 157 169 254 -1
0 24 37 78 154 158 168 254 -1
0 23 33 34 36 79 153 157 168 254 -1
0 22 31 79 153 157 168 254 -1
0 22 32 79 153 158 168 254 -1
0 16 17 18 19 21 31 79 152 156 167 254 -1
0 16 30 79 152 156 168 254 -1
0 15 29 80 152 155 168 254 -1
0 14 29 80 152 155 168 254 -1
0 16 28 80 152 156 169 254 -1
0 17 27 80 151 154 168 254 -1
0 18 27 81 150 155 167 254 -1
0 21 22 23 29 82 151 155 166 254 -1
0 22 30 82 139 140 150 154 165 254 -1
0 23 30 82 139 140 149 154 166 254 -1
0 25 29 84 137 139 148 154 166 254 -1
0 25 28 83 134 139 147 152 165 254 -1
0 27 28 85 133 139 148 152 166 254 -1
0 85 131 137 146 151 166 254 -1
0 87 130 137 146 151 165 254 -1
0 88 89 90 128 136 147 151 165 254 -1
0 90 127 135 145 149 164 254 -1
0 92 122 123 124 134 145 149 155 156 163 254 -1
0 98 99 107 108 109 110 111 119 120 122 134 144 151 153 157 163 254 -1
0 117 118 132 144 156 162 254 -1
0 132 143 155 163 254 -1
0 132 143 156 163 254 -1
0 130 142 155 162 254 -1
0 129 141 157 162 254 -1
0 128 141 155 162 254 -1
0 127 141 156 161 254 -1
0 127 141 156 162 254 -1
0 126 140 155 162 254 -1
0 125 141 156 163 254 -1
0 125 140 156 162 254 -1
0 125 136 137 139 156 162 254 -1
0 124 136 155 163 254 -1
0 123 135 155 163 254 -1
0 122 135 155 161 254 -1
0 121 135 156 161 254 -1
0 120 133 155 160 254 -1
0 118 119 120 134 155 160 254 -1
0 117 135 153 161 254 -1
0 115 134 152 159 254 -1
0 113 134 147 148 151 160 254 -1
0 111 112 113 133 147 151 152 160 254 -1
0 110 132 145 158 254 -1
0 110 130 145 158 254 -1
0 109 130 147 157 254 -1
0 110 128 147 157 254 -1
0 111 129 151 156 254 -1
0 110 129 151 156 254 -1
0 109 116 117 129 151 156 254 -1
0 109 115 116 129 152 157 254 -1
0 109 112 116 128 151 155 254 -1
0 111 112 116 124 125 127 153 155 254 -1
0 116 123 254 -1
0 116 122 254 -1
0 116 123 254 -1
0 115 122 254 -1
0 114 122 254 -1
0 114 123 254 -1
0 114 121 254 -1
0 114 121 254 -1
0 114 121 254 -1
0 112 120 254 -1
0 112 121 254 -1
0 113 120 254 -1
0 113 119 254 -1
0 113 119 254 -1
0 111 112 113 119 254 -1
0 109 118 254 -1
0 108 118 254 -1
0 105 106 107 116 254 -1
0 101 117 254 -1
0 100 116 254 -1
0 100 115 254 -1
0 101 115 254 -1
0 103 115 254 -1
0 105 114 254 -1
0 106 112 254 -1
0 106 112 254 -1
0 106 112 254 -1
0 107 113 254 -1
0 108 112 254 -1
0 109 111 254 -1
0 254 -1
0 254 -1
0 254 -1
0 254 -1
0 254 -1
0 254 -1
0 254 -1
0 254 -1
0 254 -1
0 254 -1
0 254 -1
0 254 -1
0 254 -1 